image_width: 640
image_height: 480
camera_name: narrow_stereo
camera_matrix:
  rows: 3
  cols: 3
  data: [531.758788, 0, 317.4024, 0, 535.01785, 248.889282, 0, 0, 1]
distortion_model: plumb_bob
distortion_coefficients:
  rows: 1
  cols: 5
  data: [-0.419011, 0.174627, -7e-06, -0.000189, 0]
rectification_matrix:
  rows: 3
  cols: 3
  data: [1, 0, 0, 0, 1, 0, 0, 0, 1]
projection_matrix:
  rows: 3
  cols: 4
  data: [439.230011, 0, 315.580095, 0, 0, 484.604797, 250.301698, 0, 0, 0, 1, 0]