image_width: 640
image_height: 480
camera_name: narrow_stereo
camera_matrix:
  rows: 3
  cols: 3
  data: [544.433304, 0, 314.924406, 0, 543.746983, 240.672811, 0, 0, 1]
distortion_model: plumb_bob
distortion_coefficients:
  rows: 1
  cols: 5
  data: [-0.443683, 0.195487, 0.000762, 0.000193, 0]
rectification_matrix:
  rows: 3
  cols: 3
  data: [1, 0, 0, 0, 1, 0, 0, 0, 1]
projection_matrix:
  rows: 3
  cols: 4
  data: [448.718109, 0, 312.486964, 0, 0, 491.391022, 240.683618, 0, 0, 0, 1, 0]