image_width: 640
image_height: 480
camera_name: narrow_stereo
camera_matrix:
  rows: 3
  cols: 3
  data: [502.411301, 0, 324.679207, 0, 504.329054, 249.037684, 0, 0, 1]
distortion_model: plumb_bob
distortion_coefficients:
  rows: 1
  cols: 5
  data: [-0.130673, 0.141616, 0.003767, 0.007355, 0]
rectification_matrix:
  rows: 3
  cols: 3
  data: [1, 0, 0, 0, 1, 0, 0, 0, 1]
projection_matrix:
  rows: 3
  cols: 4
  data: [490.217316, 0, 329.171883, 0, 0, 494.779907, 250.327452, 0, 0, 0, 1, 0]