# oST version 5.0 parameters


[image]

width
640

height
480

[narrow_stereo]

camera matrix
502.411301 0.000000 324.679207
0.000000 504.329054 249.037684
0.000000 0.000000 1.000000

distortion
-0.130673 0.141616 0.003767 0.007355 0.000000

rectification
1.000000 0.000000 0.000000
0.000000 1.000000 0.000000
0.000000 0.000000 1.000000

projection
490.217316 0.000000 329.171883 0.000000
0.000000 494.779907 250.327452 0.000000
0.000000 0.000000 1.000000 0.000000
