# oST version 5.0 parameters


[image]

width
640

height
480

[narrow_stereo]

camera matrix
531.758788 0.000000 317.402400
0.000000 535.017850 248.889282
0.000000 0.000000 1.000000

distortion
-0.419011 0.174627 -0.000007 -0.000189 0.000000

rectification
1.000000 0.000000 0.000000
0.000000 1.000000 0.000000
0.000000 0.000000 1.000000

projection
439.230011 0.000000 315.580095 0.000000
0.000000 484.604797 250.301698 0.000000
0.000000 0.000000 1.000000 0.000000
